# transform file /data/bids/nipreps-data/ds000005/derivatives/freesurfer-7.2.0/sub-01/mri/transforms/cc_up.lta
# created by cjmarkie on Wed Sep 22 17:02:58 2021

type      = 0 # LINEAR_VOX_TO_VOX
nxforms   = 1
mean      = 133.0000 144.0000 107.0000
sigma     = 10000.0000
1 4 4
9.996799230575562e-01 1.481613609939814e-02 -2.050472795963287e-02 1.873569488525391e-01 
-1.481302082538605e-02 9.998902082443237e-01 3.038342110812664e-04 6.895212173461914e+00 
2.050697803497314e-02 0.000000000000000e+00 9.997896552085876e-01 2.937478446960449e+01 
0.000000000000000e+00 0.000000000000000e+00 0.000000000000000e+00 1.000000000000000e+00 
src volume info
valid = 1  # volume info valid
filename = /data/bids/nipreps-data/ds000005/derivatives/freesurfer-7.2.0/sub-01/mri/norm.mgz
volume = 256 256 256
voxelsize = 1.000000000000000e+00 1.000000000000000e+00 1.000000000000000e+00
xras   = -1.000000000000000e+00 0.000000000000000e+00 0.000000000000000e+00
yras   = 0.000000000000000e+00 0.000000000000000e+00 -1.000000000000000e+00
zras   = 0.000000000000000e+00 1.000000000000000e+00 0.000000000000000e+00
cras   = -1.000000000000000e+00 -5.000030517578125e+00 -1.000030517578125e+00
dst volume info
valid = 1  # volume info valid
filename = /data/bids/nipreps-data/ds000005/derivatives/freesurfer-7.2.0/sub-01/mri/norm.mgz
volume = 256 256 256
voxelsize = 1.000000000000000e+00 1.000000000000000e+00 1.000000000000000e+00
xras   = -1.000000000000000e+00 0.000000000000000e+00 0.000000000000000e+00
yras   = 0.000000000000000e+00 0.000000000000000e+00 -1.000000000000000e+00
zras   = 0.000000000000000e+00 1.000000000000000e+00 0.000000000000000e+00
cras   = -1.000000000000000e+00 -5.000030517578125e+00 -1.000030517578125e+00
