# transform file transforms/talairach.lta
# created by cjmarkie on Wed Sep 22 15:24:11 2021

type      = 0 # LINEAR_VOX_TO_VOX
nxforms   = 1
mean      = 132.0000 145.0000 107.0000
sigma     = 10000.0000
1 4 4
1.020223498344421e+00 -2.469810470938683e-02 -5.302335694432259e-02 2.553515911102295e+00 
3.325271233916283e-02 1.109297275543213e+00 3.532502651214600e-01 -7.038624572753906e+01 
4.215526580810547e-02 -2.907457351684570e-01 1.020288467407227e+00 3.614113616943359e+01 
0.000000000000000e+00 0.000000000000000e+00 0.000000000000000e+00 1.000000000000000e+00 
src volume info
valid = 1  # volume info valid
filename = nu.mgz
volume = 256 256 256
voxelsize = 1.000000000000000e+00 1.000000000000000e+00 1.000000000000000e+00
xras   = -1.000000000000000e+00 0.000000000000000e+00 0.000000000000000e+00
yras   = 0.000000000000000e+00 0.000000000000000e+00 -1.000000000000000e+00
zras   = 0.000000000000000e+00 1.000000000000000e+00 0.000000000000000e+00
cras   = -1.000000000000000e+00 -5.000030517578125e+00 -1.000030517578125e+00
dst volume info
valid = 1  # volume info valid
filename = /usr/local/freesurfer/7.2.0/average/RB_all_2020-01-02.gca
volume = 256 256 256
voxelsize = 1.000000000000000e+00 1.000000000000000e+00 1.000000000000000e+00
xras   = -1.000000000000000e+00 0.000000000000000e+00 0.000000000000000e+00
yras   = 0.000000000000000e+00 0.000000000000000e+00 -1.000000000000000e+00
zras   = 0.000000000000000e+00 1.000000000000000e+00 0.000000000000000e+00
cras   = 0.000000000000000e+00 0.000000000000000e+00 0.000000000000000e+00
