# transform file transforms/talairach_with_skull.lta
# created by cjmarkie on Wed Sep 22 15:21:10 2021

type      = 0 # LINEAR_VOX_TO_VOX
nxforms   = 1
mean      = 130.0000 158.0000 125.0000
sigma     = 10000.0000
1 4 4
1.007812023162842e+00 2.524253167212009e-02 -2.008043788373470e-02 -6.197599411010742e+00 
-1.681946404278278e-02 1.122039079666138e+00 3.171148598194122e-01 -6.125051116943359e+01 
2.403016388416290e-02 -2.994301915168762e-01 1.041661381721497e+00 3.940578842163086e+01 
0.000000000000000e+00 0.000000000000000e+00 0.000000000000000e+00 1.000000000000000e+00 
src volume info
valid = 1  # volume info valid
filename = nu.mgz
volume = 256 256 256
voxelsize = 1.000000000000000e+00 1.000000000000000e+00 1.000000000000000e+00
xras   = -1.000000000000000e+00 0.000000000000000e+00 0.000000000000000e+00
yras   = 0.000000000000000e+00 0.000000000000000e+00 -1.000000000000000e+00
zras   = 0.000000000000000e+00 1.000000000000000e+00 0.000000000000000e+00
cras   = -1.000000000000000e+00 -5.000030517578125e+00 -1.000030517578125e+00
dst volume info
valid = 1  # volume info valid
filename = /usr/local/freesurfer/7.2.0/average/RB_all_withskull_2020_01_02.gca
volume = 256 256 256
voxelsize = 1.000000000000000e+00 1.000000000000000e+00 1.000000000000000e+00
xras   = -1.000000000000000e+00 0.000000000000000e+00 0.000000000000000e+00
yras   = 0.000000000000000e+00 0.000000000000000e+00 -1.000000000000000e+00
zras   = 0.000000000000000e+00 1.000000000000000e+00 0.000000000000000e+00
cras   = 0.000000000000000e+00 0.000000000000000e+00 0.000000000000000e+00
