# transform file /scratch/workflow_enumerator/sub-01/t1w_preprocessing/Reconstruction/sub-01/mri/transforms/cc_up.lta
# created by root on Tue Feb  7 18:52:59 2017

type      = 0 # LINEAR_VOX_TO_VOX
nxforms   = 1
mean      = 129.0000 141.0000 106.0000
sigma     = 10000.0000
1 4 4
9.994983673095703e-01 2.770740725100040e-02 -1.533557940274477e-02 -2.855756282806396e+00 
-2.770414575934410e-02 9.996160268783569e-01 4.250723577570170e-04 8.579824447631836e+00 
1.534146908670664e-02 0.000000000000000e+00 9.998822212219238e-01 2.903236770629883e+01 
0.000000000000000e+00 0.000000000000000e+00 0.000000000000000e+00 1.000000000000000e+00 
src volume info
valid = 1  # volume info valid
filename = /scratch/workflow_enumerator/sub-01/t1w_preprocessing/Reconstruction/sub-01/mri/norm.mgz
volume = 256 256 256
voxelsize = 1.000000000000000e+00 1.000000000000000e+00 1.000000000000000e+00
xras   = -9.999999403953552e-01 0.000000000000000e+00 0.000000000000000e+00
yras   = 0.000000000000000e+00 0.000000000000000e+00 -9.999999403953552e-01
zras   = 0.000000000000000e+00 9.999999403953552e-01 0.000000000000000e+00
cras   = -9.999847412109375e-01 -5.000015258789062e+00 -1.000038146972656e+00
dst volume info
valid = 1  # volume info valid
filename = /scratch/workflow_enumerator/sub-01/t1w_preprocessing/Reconstruction/sub-01/mri/norm.mgz
volume = 256 256 256
voxelsize = 1.000000000000000e+00 1.000000000000000e+00 1.000000000000000e+00
xras   = -9.999999403953552e-01 0.000000000000000e+00 0.000000000000000e+00
yras   = 0.000000000000000e+00 0.000000000000000e+00 -9.999999403953552e-01
zras   = 0.000000000000000e+00 9.999999403953552e-01 0.000000000000000e+00
cras   = -9.999847412109375e-01 -5.000015258789062e+00 -1.000038146972656e+00
